	0	1	2	3	4	5	6	7	8	9	10	11	12	13	14	15	16	17	18	19	20	21	22	23	24	25	26	27	28	29	30	31
R01-001	155208621	74616113.52	-6845.648544	-812	-443	41	154	-139.2728944	-56	282	966	162.6927719	121.3742116	238.9204458	194.1289269	-0.991658684	2.964832069	37686.04028	21429	2007.440154	1307.151699	855.9787494	0.426403122	0.899048	0.04522444	0.726689087	1.112287664	57.15823312	18.52396477	8.916843005	0.696235935	0.481367953
R01-002	88607775	89404225.95	-5459.849051	-829	-386.1	38	144	-105.5725581	-33	183.75	973	136.1083864	87.35834902	203.0096515	173.3994048	-1.471699398	4.44266606	30067.35357	17382	2568.548386	2169.32527	978.4259796	0.380925656	0.927003377	0.047350095	0.796606689	1.078744722	61.84349473	18.90518049	12.4234933	0.731036453	0.657147564
R01-003	41746556	45864136.23	-2491.718189	-815	-324.4	106	290	-42.9652568	15	149	1105	129.546935	76.17265741	177.5686668	172.2922463	-1.473730535	4.758522849	29684.61813	6304	1489.746094	1454.589844	696.4045352	0.467465253	0.905796637	0.045734605	0.743176746	1.104000566	51.99534234	16.72349649	11.06808315	0.72078659	0.661828294
R01-004	108485201	92997720.22	-2586.67246	-1024	-501.2	148	366	-74.67937944	21	244	1390	195.4861034	118.7910621	264.8134822	254.0652881	-1.398342176	4.179931414	64549.17063	6399	1945.217641	1326.148376	880.6564127	0.452728987	0.855703068	0.041993639	0.626569524	1.168629677	59.52288327	21.59004611	8.305906406	0.627508051	0.384709989
R01-005	203554331	87142504.87	-101066.307	-783	-154	51	391	-25.89142857	6	59	1174	69.14564468	30.31952988	110.65202	107.5802187	-2.519894329	10.19159396	11573.50346	1730249	8814.812311	7117.235661	2198.097335	0.249364054	0.938813338	0.048257826	0.827442365	1.06517447	98.74399288	27.34892854	18.34744795	0.782423833	0.670865329
R01-006	502393519	299449572.9	-26770.77933	-844	-484	16	88	-173.6790071	-99	312	932	170.2681768	128.7562825	266.948482	202.7241834	-0.966462133	2.950510364	41097.09455	148942	6678.495243	4202.123353	1879.820912	0.281473722	0.912333023	0.04623054	0.759381802	1.096090983	87.95571001	24.63735937	14.7878818	0.804994708	0.600221865
R01-007	122236516	90482213.85	-2384.810993	-955	-477	196	544	-68.20939917	5	320	1499	207.6529303	141.7470172	269.6600588	260.89083	-0.915661583	3.241819666	68064.02516	5355	1444.420784	1244.313976	659.0706812	0.456287176	0.937593565	0.048163807	0.824221339	1.066560221	46.52593623	13.71507236	11.23423858	0.898986663	0.819116245
R01-010	1021007039	858809649.8	-971462.2927	-1007	-72	66	194	4.607845902	30	43	1201	55.39633841	20.28526131	97.9707929	97.86237284	-3.501654298	18.22421421	9577.044017	93410728	118381.4504	89475.40181	12701.02395	0.107288971	0.917982694	0.046660632	0.773576879	1.089345155	225.5000338	63.2057045	44.19516413	0.781776152	0.699227459
R01-011	1126440754	502945527.8	-164183.5971	-850	-377	105	231	-41.90231042	48	173	1081	152.7501462	91.41574431	203.0885207	198.7187551	-1.654398894	4.847194499	39489.14362	2967973	17436.28763	12194.11257	3667.584285	0.210342039	0.886625132	0.044290332	0.696979674	1.127872382	122.4467988	38.42350763	21.89241511	0.62224134	0.569766179
R01-012	85581519897	41841392197	-1848498.984	-1024	-801	-222	214	-573.7517361	-633	260	1238	174.6828336	114.1776984	616.2410389	224.8598749	1.094747553	3.637739352	50561.96335	82060691	146474.2953	110180.539	14126.01322	0.09644022	0.951273636	0.049221752	0.860827996	1.051222237	236.1998224	65.11023978	47.28837259	0.825375037	0.726281653
R01-013	115487815	51528613.26	-19100.12433	-855	-251.4	84	202	-32.34752198	19	113	1057	105.4658745	56.67563809	151.9180691	148.4342869	-2.03432869	7.452050907	22032.73754	100886	2641.473289	2232.695984	1015.926603	0.384606048	0.909604515	0.046023303	0.752588923	1.099378888	61.92318397	19.37556104	11.26684042	0.793972513	0.581497506
R01-014	1958619240	2151803364	-15376.77429	-957	-793	-226	99	-573.3156987	-643	279	1056	175.3189977	122.7742897	612.7235741	216.1927101	0.920618075	3.020074123	46739.28791	49897	6983.825684	5731.567383	1974.787539	0.282765869	0.894731389	0.044899126	0.716272076	1.117653871	88.93905919	30.59000104	14.86863523	0.679332982	0.486061939
R01-015	906960457	312245512.1	-793981.5024	-938	-66	75	274	10.10375408	34	46	1212	56.43443992	21.05029928	100.1442238	99.63322596	-3.296124135	16.48449948	9926.779714	61983851	39808.79193	31134.67879	6119.465665	0.153721461	0.921347131	0.046917386	0.782113645	1.085367248	159.3560187	39.59996226	32.52587744	0.889099785	0.821361324
R01-016	60867746	51198283.29	-2499.527678	-763	-394	50	146	-110.5927602	-27.5	257.75	909	151.7889956	109.3571888	214.2505018	183.5007328	-1.161847987	3.515887544	33672.51892	6680	1056.47155	1115.351334	544.9355834	0.515807154	0.920543172	0.04685599	0.780068037	1.086315156	44.18124149	14.2047545	10.00128293	0.821798258	0.704079956
R01-017	3043589782	2298913480	-22149.52209	-1024	-859	-314	219	-631.5535662	-679	248.75	1243	167.0544635	107.9825586	668.3315972	218.6486151	1.099019946	4.059261512	47807.2169	79372	7437.730526	5146.815863	2117.388486	0.284682065	0.870249676	0.04306899	0.659070102	1.149095515	92.70056587	26.85608909	15.36430532	0.858872471	0.572097645
R01-018	7726157764	3566227300	-959798.6885	-993	-578	46	124	-97.79597738	17	70	1117	185.936862	96.98568936	265.8933457	247.2553702	-1.822904972	4.879304718	61135.21809	105566482	62151.45048	50442.20734	8008.215551	0.128850019	0.947507267	0.048929717	0.850643618	1.055400877	170.0037339	49.1555558	34.03417611	0.894600656	0.692376997
R01-019	1543654751	1425035285	-34038.62872	-936	-716.2	38	141	-285.081827	-236	566	1077	262.0758245	222.63178	408.7545532	292.9311125	-0.358944958	1.681796138	85808.63666	178089	12037.34843	8529.045105	3214.589516	0.267051297	0.790155356	0.037262124	0.49332993	1.265573906	116.4021602	36.15368069	14.97979198	0.79789745	0.414336568
R01-020	184610145	198762387.6	-29591.53687	-711	-276	92	234	-60.53923782	-23	190	945	115.7514827	81.27047095	156.5674426	144.3896284	-0.944659602	3.544472782	20848.36478	138767	9099.393311	8108.327637	2382.41439	0.261821235	0.884725298	0.044148052	0.692508865	1.130294344	94.30655631	30.04265899	16.8942712	0.841578891	0.562342741
R01-021	1897103750	871385061	-17691.78839	-1016	-826	4	108	-461.6404864	-551	605	1124	280.2158334	237.8004006	558.3153487	314.0128818	0.339372836	1.626470106	98604.08994	53640	3586.018109	2795.445152	1284.955189	0.358323676	0.881734419	0.043924373	0.685509349	1.134128348	72.67264862	23.45140148	11.34178707	0.707639265	0.483629393
R01-024	3636473007	1529391077	-42318.46704	-1024	-953	27	121	-434.3339335	-442	649	1145	307.6674872	256.944665	558.3627385	350.8888457	-0.070606155	1.667404614	123122.982	172732	7788.603788	4905.527134	2246.82681	0.288476198	0.845708966	0.0412601	0.604871058	1.18243987	102.8023936	35.85230676	14.15027247	0.460845156	0.394682344
R01-025	44760049310	16148429240	-1245814.826	-1024	-834	32	520	-390.6363999	-413	772	1544	339.3019316	310.9358134	532.0375224	361.2023372	-0.01653032	1.281461595	130467.1284	58340779	95309.41565	57048.69817	11358.42963	0.119174266	0.88836145	0.044420499	0.701082477	1.125667937	218.267371	51.99599519	34.96904314	0.983925683	0.672533394
R01-027	601456620	458874984.7	-181925.8454	-1024	-97	126	809	9.553248173	33	98	1833	86.30759446	42.31824472	143.3281355	143.0094049	-2.672888386	13.88290452	20451.68989	3073874	32864.76135	22337.34131	5588.665688	0.170050396	0.887829658	0.044380618	0.699824184	1.126342188	152.2696134	38.04412317	29.69099509	0.84620779	0.780435784
R01-028	1480098036	1366362475	-195919.4358	-1024	-301	107	453	-38.09053782	24	100	1477	134.6383239	54.22557576	215.6320333	212.2411004	-2.512553125	9.665009609	45046.28472	3605016	37034.27887	29385.92529	5897.556429	0.159245883	0.911062032	0.046133967	0.756212486	1.097620102	156.0218647	41.78881254	31.22199064	0.78245404	0.747137541
R01-029	17757253908	18387281675	-1161699.395	-1024	-729	72	1535	-160.8375221	-10	317	2559	251.5611569	169.4625437	347.8673309	308.4525431	-1.289704579	3.252817687	95142.97137	59847316	258654.7819	151946.3289	21535.46152	0.083259476	0.911612523	0.046175786	0.757584093	1.096957287	292.736931	92.21266339	48.73461835	0.596854601	0.528502448
R01-030	782678086	699727499.6	-7973.064047	-1024	-767.7	98	493	-300.8501529	-270	581.25	1517	290.2761801	235.6057361	446.6086063	330.0733747	-0.224277757	1.829277214	108948.4327	18560	5133.59443	3508.12258	1548.278226	0.301597301	0.929500202	0.047541525	0.80306087	1.075846996	73.98375982	21.13842909	16.09827152	0.848035859	0.761564232
R01-031	552003819	421145491.8	-20801.72719	-1024	-530	134	392	-99.38962057	3	258	1416	210.0042168	125.5878421	294.1905944	276.8931367	-1.534173196	4.775998065	76669.80916	87982	10606.63859	4866.027832	3025.24026	0.285221395	0.771689813	0.035963589	0.459545271	1.295857459	127.3781587	26.95612475	16.56672868	0.712142014	0.614581244
R01-032	38103601061	23547299850	-787300.5355	-1024	-984	140	2326	-372.389924	-347	798	3350	391.1598487	327.2201466	575.8505257	439.2374898	0.118028662	2.413686326	192929.5725	88626563	131593.38	71010.33783	14510.03293	0.110264156	0.86226036	0.042477261	0.64108448	1.159742517	242.9482005	79.60327518	31.40660189	0.647541427	0.394539067
R01-033	1189239192	1048519352	-16674.09282	-1024	-770	97	465	-280.0240506	-207	574	1489	288.3700689	230.2843261	433.7865353	331.2963768	-0.408118788	1.969344015	109757.2893	45912	11167.85048	5572.169607	2765.997153	0.247674981	0.87353194	0.04331288	0.66655558	1.144777831	112.1059186	35.44974813	17.34465618	0.553909006	0.489274455
R01-034	7812660690	6571539799	-200892.7302	-1024	-794	115	599	-275.1726466	-184	604	1623	307.8245425	245.8992615	446.9865369	352.2456227	-0.434104357	1.980256695	124076.9787	1946513	73531.59748	32891.08839	10040.36874	0.136544956	0.845377067	0.041235814	0.604159192	1.182904101	194.4072271	64.68707257	25.11223496	0.714061399	0.388211028
R01-035	1406132009	1418771026	-58284.7571	-1024	-622	140	473	-124.2503011	-3	377	1497	239.1045811	168.4163055	315.6258798	290.1405843	-1.04250597	2.932586319	84181.55867	341475	19552.17911	14241.87265	3848.609987	0.196837906	0.911962541	0.046202383	0.758457063	1.096536267	127.2430603	32.86580997	22.62257308	0.921197825	0.688331524
R01-036	11840928348	14115472444	-2056024.365	-1024	-417	119	725	-39.98620492	34	112	1749	151.4577533	67.13198176	226.500095	222.9425855	-2.060820834	6.613641155	49703.39645	173064905	448163.9062	275143.1162	31144.58136	0.06949373	0.909339825	0.046003216	0.751932116	1.099698895	365.2658054	88.15828034	60.18102214	0.915510513	0.682647414
R01-037	2018217403	1539777682	-36889.83612	-1024	-791	84	599	-270.14581	-137	568	1623	298.0274933	236.5935715	434.4647023	340.2658062	-0.581957644	2.067329763	115780.8189	155108	14563.75122	8157.348633	4347.239295	0.298497223	0.66341621	0.028666719	0.291983451	1.507349361	145.2506589	41.91413608	13.42299789	0.763784019	0.3202499
R01-039	943957941	1440365511	-7288.748768	-971	-820	-8	497	-423.4285297	-450	607	1468	279.2525594	238.9305348	525.2907885	310.867645	0.088880035	1.586848489	96638.69271	17543	9575.907389	5220.031738	2690.080013	0.280921682	0.810660263	0.038721949	0.532741654	1.233562377	128.660846	24.18593304	15.74224111	0.945420062	0.650884177
R01-040	1068136978	1059075025	-69855.42897	-1024	-541	93	377	-98.28237677	-1	165	1401	187.1588102	103.4891381	268.5566717	249.9265098	-1.634418546	4.728999059	62463.2603	610780	23615.43503	14684.35364	4502.037786	0.19063963	0.884176475	0.044106979	0.691220909	1.130995936	133.4631928	31.33160395	24.76261906	0.955401835	0.790339974
R01-041	400239973	369484228	-2265.758261	-1024	-747.7	49.4	387	-360.7163774	-378.5	472.25	1411	248.0409007	189.4930648	465.8861201	294.8449965	0.037087216	2.109611069	86933.57194	4980	2389.898936	1702.301025	1380.249913	0.577534846	0.626295686	0.026294687	0.245662157	1.596689907	78.03135012	25.96930981	7.119295353	0.612400191	0.274142648
R01-042	11208293307	9427741517	-466408.1418	-1024	-736	195	2378	-142.4834202	-17	452	3402	288.5038073	199.7117763	384.9561029	357.6166609	-0.792236032	3.261194729	127889.6761	8554048	87185.2586	63618.7653	10094.1498	0.115778171	0.941983044	0.048502431	0.835851751	1.061590233	184.8485205	52.320652	40.61245749	0.874808696	0.776222313
R01-043	1635231754	2193017261	-11305.39015	-994	-839	-74	58	-534.9529962	-615	456	1052	241.2837384	191.336876	603.5522222	279.4648042	0.556007256	2.010503183	78100.57676	30413	9539.055949	6020.220094	3022.684642	0.316874611	0.719606177	0.032384799	0.372635861	1.389648995	141.1934375	51.0439937	13.69483864	0.349847739	0.268294811
R01-044	754169108	1116505816	-3608.936959	-876	-798.9	-240.1	12	-590.0041841	-662	282	888	174.3546156	122.1287931	628.0445128	215.2555987	1.064691504	3.205441948	46334.97279	8830	4030.01788	2830.610734	1415.852635	0.351326638	0.864975991	0.042678088	0.647160735	1.156101453	81.76112129	23.23654605	12.97196019	0.770274441	0.558256815
R01-045	4242758347	3916730957	-49413.22829	-1024	-839	86	730	-428.599781	-513.5	644	1754	310.181855	250.6412021	556.4983291	354.9543886	0.369815338	1.878699949	125992.618	195598	24326.71865	12647.24731	4632.028782	0.190409107	0.87653359	0.043536321	0.673450516	1.140857591	142.912301	38.49893637	20.14822292	0.785990881	0.523344924
R01-046	1323703083	1221985421	-19019.85062	-1024	-796.8	135	628	-248.9971111	-120	606	1652	315.0192879	250.542433	437.2684312	359.4497456	-0.497776846	1.985569551	129204.1196	58355	13031.58824	6391.014099	3588.30444	0.275354345	0.746322282	0.034204913	0.415699234	1.339903717	141.2100676	34.32920451	16.32260734	0.539602118	0.475472927
R01-047	2166318211	1652769631	-49517.07868	-1024	-777	181	661	-167.6621489	-14	534	1685	310.2272699	229.8574926	403.8738524	367.428214	-0.799499164	2.480764179	135003.4924	260953	14382.93457	10132.59888	3231.95237	0.224707437	0.884947505	0.044164685	0.693030786	1.130010531	115.0666417	34.69124066	16.35470873	0.854851888	0.471436259
R01-048	1094277654	674589714	-29160.89318	-984	-702	87	194	-196.0418758	-31	516	1178	272.1812304	218.9298363	366.0433215	309.1201969	-0.775586777	2.122719975	95555.29615	148773	6606.09613	5034.713242	1866.730247	0.282576912	0.912079062	0.046211238	0.758747824	1.09639618	80.77354178	21.77107511	18.28531711	0.928449844	0.839890406
R01-049	624668685	414363910.5	-9569.581095	-860	-627	45	248	-298.4717782	-323	484	1108	230.0679802	191.5067047	394.9824807	258.7001308	0.021691125	1.675718158	66925.7577	23944	3240.386066	2655.988907	1142.034295	0.352437726	0.927262755	0.047369969	0.797275553	1.078442971	62.23559563	17.94057168	13.79141416	0.923647849	0.768727686
R01-050	1860884780	1149991357	-24022.18388	-1024	-838	60	607	-333.9719817	-248	672.25	1631	322.1626078	274.9429157	486.8213277	354.2001137	-0.304243618	1.601257794	125457.7206	80064	5988.853455	4852.386475	1778.087322	0.296899454	0.896933331	0.045064974	0.721573357	1.114910067	80.46556426	22.11422482	17.34696079	0.922355138	0.784425451
R01-051	309333676	270199994.3	-47696.35016	-1024	-234	146	543	-25.9610273	-2	167	1567	119.1037799	71.99173048	166.666759	164.6324197	-1.191804847	5.493037414	27103.83361	277336	11207.02711	9727.188832	2509.935597	0.223960875	0.964898937	0.050283051	0.898349819	1.036377968	95.03370383	25.41529231	22.07667895	0.974917136	0.868637617
R01-052	719656479	1098108641	-31226.82565	-872	-598	50	462	-159.5270745	-22	356	1334	215.1245329	159.1861389	300.3416787	254.472467	-1.063783492	2.784036414	64756.23648	200202	14345.04191	12173.46191	3152.492987	0.219761853	0.905658657	0.045724155	0.742837174	1.104168764	111.9783915	33.27213967	22.48401205	0.768986579	0.67576093
R01-053	759415227	732375739.8	-10896.28597	-865	-691	4	45	-331.6352997	-319	523	910	239.3924501	203.5695071	425.8809067	267.1938896	-0.137495173	1.597274427	71392.57466	31659	4844.956513	4037.919169	1501.739271	0.309959288	0.922039463	0.046970279	0.783878092	1.084552279	75.55824242	24.03124091	16.06997789	0.697136097	0.668711947
R01-054	13634371375	14979167770	-3258348.639	-1024	-277	117	1607	-21.566742	37	98	2631	126.175307	49.60880116	200.7031835	199.5410822	-2.351630922	8.633572918	39816.6435	413977201	439792.0532	371859.7412	28791.222	0.065465535	0.971379524	0.050790477	0.916572523	1.029463742	341.5846573	91.37315209	75.14739124	0.83287122	0.822423103
R01-055	2241362603	1608959539	-31285.65296	-1024	-908	124	890	-283.6797087	-96	705	1914	362.7512182	299.2096343	493.5583974	403.8882451	-0.476009589	1.805467222	163125.7145	280421	9763.581552	6604.927067	2472.224587	0.253208781	0.893584531	0.044812827	0.713521273	1.119088307	102.3166471	27.87984581	19.11076546	0.729651512	0.685468836
R01-056	8660565467	7284746248	-172080.6764	-1024	-901	155	859	-283.5232582	-104	765	1883	376.876293	316.0494276	503.834273	416.4895397	-0.400963065	1.68660646	173463.5367	2427327	62127.70487	28697.16551	9461.953888	0.152298462	0.801727605	0.0380837	0.51532417	1.247306434	223.8802484	67.08513073	30.7462159	0.501879971	0.458316404
R01-057	836989582	638572374	-7789.783734	-901	-751	-84	81	-420.6942242	-415.5	429.25	982	214.6174949	173.6443931	486.7990015	244.9278211	0.026081826	1.77842402	59989.63753	18046	3338.750203	2694.702148	1149.863827	0.344399478	0.93949325	0.04831026	0.82924143	1.064403603	65.43424658	17.59546335	14.12583147	0.935114628	0.802810996
R01-058	770447196	1175609125	-6502.66133	-871	-746	-86	46	-431.6106138	-444.5	432.25	917	214.5566339	173.8235177	496.2929058	244.9876046	0.138399287	1.775573308	60018.92638	14790	4811.604818	4772.949219	1553.07227	0.322776356	0.887467436	0.044353461	0.698967977	1.126801908	76.84323531	27.1905612	15.22888208	0.645482011	0.560079727
R01-060	486795750	409463276.6	-2386.573101	-1024	-815.6	4	432	-413.2493298	-432	473	1456	254.1913131	195.2868672	510.8977275	300.402196	0.086253268	2.082020544	90241.47939	5261	2073.269341	1568.72567	868.4695644	0.418888924	0.90538509	0.045703439	0.742164223	1.104502394	56.83761562	16.35425465	10.12309023	0.974126918	0.618988174
R01-061	509473081	777394227.6	-6952.308949	-866	-674	3	52	-315.9212521	-301	520	918	234.4796454	201.4132589	409.7144427	260.8825158	-0.159710482	1.562075679	68059.68704	18865	5658.213298	4631.04248	1788.133452	0.316024398	0.85875723	0.042218664	0.633302525	1.164473456	87.76967372	24.93921146	14.5638876	0.838039694	0.583975465
R01-062	138517963	127873790.9	-2418.655191	-1024	-513.8	127	467	-125.9585087	-48	314	1491	204.3181154	136.3258025	288.6070419	259.6699419	-1.072613658	3.785636937	67428.47874	5533	1902.164459	1535.209656	823.5204415	0.432938612	0.901519481	0.045411051	0.732698577	1.10923837	55.86784245	16.09268388	11.63517417	0.850530558	0.723010174
R01-063	881416275	741394303.4	-17781.43662	-1024	-747	100	359	-198.8578374	-33	519	1383	285.6732632	221.2988176	384.401708	328.9684386	-0.85108343	2.314151857	108220.2336	66327	5891.763513	5017.398723	1686.187766	0.286194068	0.935567359	0.048007763	0.818889278	1.068870125	79.28529424	23.16213659	16.40799605	0.836388742	0.708397344
R01-064	124440115	94940273.28	-1057.351812	-1024	-598.4	148	415	-154.4197643	-55	437	1439	248.5394847	182.2543355	335.8864201	298.2854734	-0.80583352	2.822032343	88974.22362	2531	989.151001	841.5222168	532.8776952	0.538722293	0.900945068	0.045367656	0.731298927	1.109945584	44.75301142	14.1678055	8.93741679	0.800949654	0.630825768
R01-065	4371364498	2701420016	-1183637.115	-1024	-156	172	752	4.341185081	24	161	1776	114.509522	67.67386054	172.1125007	172.0577433	-2.138495217	12.06756323	29603.86702	49651578	115570.7817	91194.21387	12946.40708	0.112021455	0.886271736	0.044263854	0.696146588	1.128322115	225.250349	65.65652697	35.20449459	0.907398901	0.536191849
R01-066	3760488037	4962832178	-174936.8695	-989	-671	51	192	-201.3716169	-47	455	1181	245.9693986	194.2715506	346.0316252	281.4024832	-0.853435034	2.236615928	79187.35757	2233744	58038.90705	41447.46971	7950.207723	0.136980659	0.911839634	0.046193043	0.758150449	1.096684069	183.007167	53.5605047	34.04671513	0.741819471	0.635668303
R01-067	415393753	408264829.3	-30964.11488	-1024	-361.8	119	596	-58.9226849	8	164	1620	152.506664	80.3236346	227.2306738	219.4581881	-1.976378864	7.495908175	48161.89632	165407	27663.45555	7906.933363	5915.229482	0.213828293	0.747796588	0.034306317	0.418167655	1.337262053	219.8322424	29.03111888	18.36662901	0.959413702	0.632653157
R01-068	87111753	70508550.76	-1268.968849	-1024	-516	185.4	393	-62.8820059	35	241	1417	213.6088617	122.2730834	292.6697929	285.8346743	-1.510221805	4.715226534	81701.461	3047	894.930387	823.1632833	507.5420151	0.567130162	0.884854019	0.044157687	0.692811174	1.130129918	41.98147348	14.47396267	8.912827966	0.713102006	0.61578354
R01-069	54737421431	55469804377	-3030660.452	-1024	-744	103	1923	-215.489523	-80	507	2947	279.078644	213.56397	391.5314943	326.8962779	-0.717907014	2.511919294	106861.1765	167782198	586007.7026	361845.5348	38083.47525	0.064988011	0.889234769	0.044486018	0.703152144	1.124562416	359.3831029	104.1032974	66.24002691	0.865102954	0.636291343
R01-070	262519911	203302177.7	-831.3602089	-1024	-814.2	145.2	853	-317.544949	-296	672	1877	336.4354064	275.9674181	493.253757	377.4446636	-0.07368062	1.818290376	142464.4741	2207	1258.570925	835.6053913	632.5703465	0.502610011	0.891169727	0.044631298	0.707752277	1.122120703	52.47881681	15.30445668	8.480920617	0.752368463	0.554147122
R01-071	739738390	536509910.1	-5755.3418	-1024	-869	128.1	409	-294.3954545	-155.5	731	1433	355.1104309	299.1561866	490.0763226	391.7985685	-0.376477889	1.656837812	153506.1183	16350	2954.507293	2233.830897	1089.79661	0.368859001	0.91368266	0.046333163	0.762756906	1.094471904	62.94418808	19.44717688	11.85574994	0.808477435	0.609638613
R01-072	514393506	317885391.1	-4608.781149	-1024	-788	161	416	-233.8762358	-122	613	1440	319.0906766	253.8835163	433.9971609	365.5891711	-0.533133336	2.031169007	133655.442	12209	2449.676514	1687.705994	1006.183554	0.410741397	0.873399091	0.043303	0.666251511	1.144951959	63.99768062	19.38019611	9.626993249	0.886095184	0.496743851
R01-073	555318517	610091144.2	-4375.876902	-1024	-797	78	473	-304.5544666	-243	618	1497	301.125926	246.0986851	457.511961	341.414369	-0.353734439	1.834331088	116563.7713	10099	5115.41748	2914.672852	1624.417059	0.317553174	0.883840649	0.044081852	0.690433595	1.131425671	82.37205989	27.22959375	11.6773886	0.703110336	0.428849167
R01-074	5386175414	2095959018	-104114.6506	-1024	-774	110.6	646	-315.6120041	-330	603	1670	301.8211089	238.2984533	470.558716	349.0194379	0.12112134	2.023759506	121814.5681	524719	20035.74573	9465.752605	4099.144702	0.204591571	0.870284435	0.04307157	0.659149077	1.149049621	139.3713639	33.51877405	19.34760384	0.791535783	0.57721693
R01-075	11032357403	4309514611	-478970.6908	-1024	-754	54	229	-228.9095757	-31	541	1253	284.4705879	232.0435654	393.9786358	320.6549105	-0.775193891	2.073165588	102819.5716	13388704	85987.5	27764.0625	11276.39437	0.131139926	0.835482614	0.040513989	0.58319293	1.196912998	246.3262572	68.66826004	27.93315129	0.511626523	0.406784026
R01-077	6494589810	5462857931	-106338.1991	-1024	-855	67	436	-385.5730169	-378	638	1460	305.1944932	249.7543592	519.076424	347.5252258	-0.075251212	1.731007223	120773.7826	627882	40484.05709	20274.833	6565.876767	0.162184258	0.868388539	0.042930901	0.654850629	1.151558266	166.4226774	53.53192795	24.04030158	0.618760118	0.449083426
R01-079	1129389824	1028398551	-16203.39619	-1024	-708	91	697	-295.010996	-282	503.5	1721	259.4063099	201.2855686	424.243376	304.8785894	-0.030704978	2.199120202	92950.9543	41971	8173.204023	5713.882304	2476.927876	0.303054698	0.792195413	0.037406525	0.497160906	1.262314806	115.0561872	40.37549478	14.86490642	0.514324117	0.368166545
R01-080	794787346	858687956.5	-5978.481722	-1024	-728.8	-130.2	505	-461.9872183	-493	307	1529	184.3399738	127.2921018	517.0446127	232.1700705	0.584293276	3.156323399	53902.94165	14233	4491.041353	3212.028213	1441.276395	0.320922539	0.913345065	0.046307486	0.761911731	1.094876447	79.38051623	22.26722368	14.73692111	0.753760137	0.661821218
R01-081	1545914300	368044519.2	-13862.63809	-982	-752.8	-237.2	103	-526.4153185	-562	265	1085	158.9252506	110.8986854	562.6642796	198.6907246	0.725345783	3.064036247	39478.00404	41329	1504.756983	1162.523273	751.9398504	0.499708497	0.84452388	0.041173404	0.602331815	1.18409914	56.16779026	16.61138532	8.057956916	0.836001088	0.485086389
R01-082	684134684	663535876.9	-5383.170838	-1024	-773.1	86	383	-332.2876623	-327	610	1407	294.5892545	240.1378475	471.2978365	334.2253134	-0.101618469	1.799679509	111706.5601	12534	3814.095416	2987.263543	1321.705035	0.346531717	0.893190199	0.044783167	0.712577077	1.11958237	75.08154261	24.03128277	13.25407703	0.617794539	0.551534313
R01-083	418038007	637875376.9	-1877.403839	-944	-834.7	-10	29	-438.3844567	-472	608.75	973	275.8114039	235.5363528	536.1986066	308.7523503	0.094500893	1.557569878	95328.01382	4256	2966.81722	2218.62793	1138.745756	0.383827405	0.876835008	0.043558779	0.674145503	1.140465414	67.32108812	24.52750609	10.90907091	0.589809213	0.444768859
R01-084	2479291013	1948722178	-49283.38821	-1024	-802	115	1080	-242.9417689	-93	598	2104	311.8030782	244.2187478	433.2894419	358.7743545	-0.612045208	2.149506343	128719.0374	249588	15601.17845	10379.91297	3428.134406	0.219735606	0.880774136	0.043852636	0.683272056	1.135364856	112.6700831	30.14906019	23.29506698	0.849976955	0.772663123
R01-085	592180540	451797897.3	-2708.592494	-981	-838.6	-3	105	-467.1847411	-550	640	1086	292.7434531	252.5729418	568.0793877	323.1912876	0.288841642	1.531142232	104452.6084	5973	1613.108317	1399.993896	725.3631132	0.449667952	0.917003538	0.046585997	0.771104139	1.090508333	53.78723274	17.25256098	10.2066367	0.695337752	0.591601253
R01-086	5959407423	4546667040	-97903.77447	-1024	-878	205	2671	-282.0167482	-186	757	3695	373.5744417	306.2642146	507.8433344	422.3403913	-0.129050833	2.266299036	178371.4061	851167	44069.79879	17629.24194	6931.930891	0.157294362	0.870410147	0.043080903	0.65943476	1.148883665	174.7836274	47.90536121	26.54112482	0.655376182	0.554032454
R01-087	1574128735	1200964916	-12325.73066	-1024	-803	-76	691	-500.0633976	-542	313	1715	208.0275163	137.2807949	568.2996139	270.0019436	0.825486191	3.611527311	72901.04953	34232	5663.935343	3718.566895	1660.884373	0.293238583	0.92517435	0.047210027	0.791900743	1.080877351	79.58694636	22.66890004	15.82400556	0.757083969	0.698049113
R01-088	13898196646	10603482549	-212319.3026	-1024	-917	152	1658	-401.436502	-479	834	2682	376.8928294	318.818252	581.2075514	420.298647	0.198357774	1.663047243	176650.9527	2797135	61332.19401	31389.61792	8349.545652	0.136136425	0.90076938	0.045354387	0.730871192	1.11016207	194.7617234	41.78194409	32.83101032	0.973325282	0.78577029
R01-090	10590583622	7369142776	-1995170.841	-1024	-217	181	956	0.999685018	50	153	1980	138.8969185	67.30589235	213.7674825	213.765145	-2.126259622	8.002770164	45695.53721	126139327	187939.3233	161262.6168	16820.30752	0.089498606	0.943326349	0.048606217	0.839432725	1.06007852	238.8244595	69.73602932	50.90921818	0.933353916	0.730027486
R01-091	699449401	341965610.6	-3860.235781	-1004	-804	28	147	-451.0880584	-545	565	1151	275.1287431	227.6399627	548.1339012	311.4006056	0.411736286	1.742433635	96970.33718	8574	1620.563273	1138.175171	741.5859065	0.457609967	0.899704691	0.045273999	0.728282635	1.111475809	49.72799119	15.10020299	10.2369697	0.823598801	0.6779359
R01-092	7331249582	4530572633	-98924.14121	-1024	-917	79	1602	-424.7825084	-466	706	2626	336.3404885	277.0949795	570.2102099	380.39388	0.123634154	1.82632483	144699.504	1219882	33658.74481	13934.23462	6103.344069	0.181330115	0.826002855	0.039826414	0.563565821	1.210649568	176.2240949	40.0666008	21.1422915	0.732411907	0.527678692
R01-093	2309354732	2229900848	-31205.04848	-1024	-930	107	521	-298.9914034	-75	752	1545	372.7051	314.458788	507.766491	410.4033993	-0.511511527	1.692098293	168430.9501	265169	11307.11419	8648.83192	2609.295055	0.230765783	0.933674402	0.047862134	0.813928688	1.071037182	100.229216	26.24645575	19.63882262	0.961942641	0.748246651
R01-094	775462889	873381185.9	-5877.853326	-1024	-869	95	544	-315.6841265	-215	709	1568	347.555994	292.3283761	497.6671509	384.7286386	-0.311466169	1.66830611	148016.1254	15629	4191.980141	3526.354063	1408.254275	0.335940111	0.89278974	0.044753053	0.711619061	1.120084557	76.12461259	21.09399667	14.07339602	0.880131653	0.667175417
R01-095	984226553	750905268.1	-5250.971506	-1024	-847	31	382	-472.9959555	-560	539	1406	281.5867996	219.8227413	575.9552821	328.6324894	0.460649841	2.049046792	107999.3131	12369	2911.758423	2263.641357	1112.295719	0.382001374	0.886544934	0.044284323	0.696790558	1.127974412	69.83588462	21.10566303	12.4893165	0.65189476	0.591751914
R01-096	2217595672	1691891229	-22311.54343	-1024	-851.9	131	737	-358.415532	-393	726	1761	348.3608812	289.8836671	528.7493298	388.7340481	0.061576895	1.68166455	151114.1602	73812	8879.343669	6051.635742	2353.768901	0.265083658	0.880996563	0.043869249	0.683789839	1.135078208	108.8043147	27.85445716	14.85306567	0.881122367	0.533238382
R01-097	1796766566	1336766405	-15395.45371	-1024	-971	138	666	-365.5053499	-322	802	1690	382.562843	321.3669361	561.3972855	426.1135427	-0.112145256	1.640375472	181572.7513	190969	6537.515679	4241.455557	2207.479806	0.337663405	0.765941993	0.035562534	0.449352997	1.305581896	111.136894	33.29722436	12.69049897	0.531018654	0.381127833
